I Moo 100 100 100 100 100 100 100 100
G Moore 75 85 77 59 0 85 75 89 65
I Norman 57 78 73 66 78 70 88 89 87
U Olson 89 86 70 90 55 73 80 84
U Peerson 47 70 82 73 50 87 73 71
G Russel 72 87 88 54 55 82 69 87 43
G Thomas 90 96 99 99 100 81 97 97 98
I Vaughn 81 97 99 67 40 90 70 96
I Westerly 43 98 96 79 100 82 97 96
G Baker 67 72 73 40 0 78 55 70 89
U Davis 77 70 82 65 70 77 83 81
G Edwards 77 72 73 80 90 93 75 90 89
U Franklin 47 70 82 73 50 87 73 71
U Jones 77 82 83 50 10 88 65 80
U Harris 97 90 92 95 100 87 93 91
G Smith 87 92 93 60 0 98 75 90 67
U Carpenter 47 90 92 73 100 87 93 91
I Fail1 45 55 65 80 90 70 65 60
G Fail2 55 55 65 50 55 60 65 60 90
U Fail3 35 25 0 0 55 60 65 75